Coupon Codes
83199
26843
36242
87936
94816
84580
56040
13884
66483
91747
40011
77334
16533
85381
13347
52821
76956
81251
58688
76919
39725
57422
19622
81713
61566
13563
30495
66862
85832
30373
56508
66754
79574
91536
34009
86032
13548
59153
92993
73853
85313
31307
22643
76839
81269
52322
63785
43097
27502
91169
46830
55858
41206
31385
68578
80772
13654
38042
53655
74565
20818
66601
60045
11064
62993
78768
29696
53942
53327
25134
24793
22375
24020
50777
84145
62011
96485
14408
85480
68886
85812
15357
28035
65756
15539
79585
10956
95235
98324
37890
61788
43587
49487
27111
18092
71700
52669
46868
92021
96294
16501
59473
53071
18287
53415
88962
21136
52539
57490
93491
19964
79219
43869
11144
58315
74811
61654
11761
73869
38730
74764
61529
36841
70797
90021
19484
83857
77111
82494
83499
82463
74573
71819
15469
35618
48063
66242
41388
90887
77077
56750
56824
86719
36147
75920
81886
55137
44225
89845
76547
54256
49297
78226
53848
80104
68058
22183
29086
53641
84709
67684
46351
99697
25518
61018
29073
90635
90179
74436
26649
97677
21029
46128
55971
59502
41447
70851
67389
99591
26164
77469
20649
93745
31278
39487
38823
43042
76742
87166
77917
44809
58369
13327
96867
58289
42768
92821
43928
68113
68059
61934
67413
91501
26871
63145
17933
31230
34598
18835
89512
31958
67706
97154
48635
69087
60901
70285
76200
77616
17167
60148
29295
85933
65578
31954
91004
68051
49730
72492
23270
80941
62695
21456
36182
99736
12924
39335
90054
77312
35327
76551
18731
85046
25112
76982
61704
87122
91919
52601
50850
60951
88451
19182
84601
32410
16285
67944
13519
29176
44402
92296
26873
56179
70300
28884
48455
72672
13357
73317
73362
51918
80633
99772
58205
10465
41574
39722
17474
47249
90031
13132
20713
63718
27713
40443
50398
69257
63855
93883
40508
17684
55168
90265
67741
17475
34330
72656
21488
24999
18322
34225
25737
94650
96316
37667
69558
46065
45163
75202
86396
19648
51283
13373
27128
95373
23260
85909
47809
66102
90532
64413
99165
67039
94535
58029
92375
36596
68210
55016
14501
53491
14197
29119
60799
96059
52276
20792
92963
54662
78204
80856
73014
57909
71229
36687
71818
33837
14701
73306
25246
60303
54283
92097
92495
74538
25002
21549
88745
79514
98838
10773
82667
28353
63829
78077
29539
78834
91404
53968
83127
56413
26653
35419
66592
78172
72033
96592
60007
97382
78521
17775
15032
77273
15114
45305
66108
86603
92401
46589
93545
30191
83431
48566
74808
93394
97716
33925
90576
98939
24753
46817
43371
63786
52301
58152
68669
72147
17392
80849
33213
78620
11398
25524
68822
28455
13117
81865
33366
23366
29605
73385
75796
57945
12406
71702
95497
85250
60330
42388
33149
66758
74248
50024
70160
10656
43259
71039
83847
68447
88193
53985
20302
26311
94567
93972
11685
62131
84847
66580
18889
74398
27919
50962
89425
96255
68841
46671
33729
62853
48387
77802
73124
88993
21334
94679
73121
67630
32826
25920
53134
81201
13432
14250
16991
15017
93902
56724
23021
90333
49212
20273
32753
75937
44207
79792
55751
47122
65763
23838
30663
95198
57719
82595
74801
76838
43039
39563
56795
62217
13768
88271
62604
52400
84760
33371
63410
13955
75883
90846
33311
75812
60728
24611
43427
34206
39511
90596
84049
51860
68816
87578
53932
26700
76117
84125
65709
14894
58752
60513
28025
16004
83299
40873
13030
46327
74140
41517
48183
15854
93707
22293
89390
19460
88736
76098
11936
54403
40091
64103
36512
39971
50358
77840
91137
25065
22172
70005
42254
14844
62906
83323
29983
39091
92412
95739
29799
38737
45556
52974
73056
16271
90523
71550
44206
69076
30541
24098
63124
10539
52778
59950
66680
65486
65037
74199
39206
59939
85047
56420
96460
44739
71692
69143
36718
90403
49214
64098
88657
19448
40804
93376
65459
20341
74473
87125
98951
71676
24827
82009
45690
38896
77001
38368
46929
38516
26290
97768
38214
33564
57261
36069
34917
99569
14278
24851
12895
84950
27455
55423
20123
90619
27809
95615
67011
41263
15610
98247
20974
11138
99209
38218
94526
68995
62299
50381
36548
99308
73093
50519
61190
98957
56497
20465
38495
75400
41992
78203
18736
38407
21465
47181
89403
83086
14282
64830
77593
59869
55520
66152
32148
76563
52271
26429
54006
69956
10876
24377
88106
64681
23031
12297
70171
63043
19061
14110
41724
59003
99065
37696
28138
95803
62175
44286
82938
39641
63153
98770
62682
10659
76184
28908
55385
54897
24108
71711
74885
29537
69825
85968
30764
13235
14126
82438
95869
36334
71353
49105
72736
60885
20696
25056
47795
21061
18468
68951
28671
92812
14765
95660
59082
25618
75104
42079
82620
22016
38817
32473
54995
86957
94352
90111
55796
65655
28606
64431
25149
98751
33306
69635
27065
26268
64414
38393
23815
64215
67656
81072
64954
36187
38900
60355
30362
17051
89582
73552
76419
27602
16548
84770
98517
80653
44642
84608
26866
60774
71057
43512
18869
17446
10832
23680
11135
82555
42028
15293
80560
91889
73264
72750
16844
98456
75925
65429
15668
89347
26529
17098
40684
70469
55918
46410
67528
27769
67105
67198
13361
26545
34879
84834
24755
36064
92135
59530
59906
87626
40034
98988
96395
31007
86378
89606
57406
93712
43734
94667
44841
48467
97726
75769
73953
81339
33155
16913
64283
78022
59830
68274
39672
37895
64622
25350
97179
43016
52983
26867
44387
90336
30794
60445
75220
78073
50168
58882
54293
70551
54906
54440
37516
46486
37606
65139
34195
16701
37361
41370
92022
30795
44415
98448
81365
82831
12019
19063
75114
10218
46149
31164
53557
77351
50908
38930
40219
95667
51763
30231
92890
54351
99787
57223
67658
93183
84163
67905
28118
66577
12705
31743
22928
46271
88999
76846
33373
94530
12208
30545
95683
51490
76234
23917
37040
29024
43433
60451
57317
55940
89637
92139
34597
10009
10392
43140
25046
66014
36847
89885
70973
45882
99776
45676
94421
86641
45159
84683
24510
17334
25596
35447
75607
12635
93312
67042
34953
86444
52127
43375
32668
80828
94197
34806
56691
49498
73368
59356
79413
50814
13529
12570
15225
67588
66245
32235
36869
36443
62805
10389
20497
84018
12614
16655
55867
33099
82582
73086
20376
36988
75887
95619
97518
34372
95315
49916
68722
33342
14018
19405
87875
92467
51519
13658
61874
18258
29017
91863
59908
23529
59915
85721
68123
65831
17456